model_name: amazon/chronos-t5-small
prediction_length: 12
context_length: 144
num_samples: 100
device: cpu
model_load_time: 2.9381728172302246
inference_time: 3.975893974304199
mae: 1.6579073749522042
rmse: 2.171347853280098
